 -5.71520435e-01 -8.96592193e-05 1.83811062e-04
 -5.60417155e-01 -1.09021992e-04 6.70881040e-03
 -5.49040032e-01 -9.48750924e-05 1.27815793e-02
 -5.38031482e-01 -2.35534533e-04 1.95189312e-02
 -5.26887453e-01 -2.58102699e-04 2.54778997e-02
 -5.16043995e-01 -8.97388350e-05 3.22931083e-02
 -5.04755716e-01 1.47380243e-04 3.87908513e-02
 -4.93275030e-01 2.30212478e-04 4.50912576e-02
 -4.82274114e-01 -2.63511560e-05 5.13029864e-02
 -4.71248974e-01 -1.66473282e-04 5.78678042e-02
 -4.60267732e-01 -8.52198569e-06 6.43259378e-02
 -4.49159586e-01 -3.38953718e-04 7.03689189e-02
 -4.37951942e-01 -1.62874195e-04 7.71727754e-02
 -4.26773918e-01 2.26690023e-04 8.35864516e-02
 -4.15638780e-01 -1.24161822e-04 9.01089336e-02
 -4.04693920e-01 -2.10993326e-04 9.62741929e-02
 -3.93417916e-01 -1.18527751e-04 1.03041268e-01
 -3.81949283e-01 -2.40083847e-04 1.09350378e-01
 -3.71558979e-01 -2.20781926e-04 1.15592289e-01
 -3.59929034e-01 -8.35739789e-05 1.21855549e-01
 -3.49041324e-01 -3.97602662e-04 1.28436593e-01
 -3.37855140e-01 -1.14591169e-04 1.34923375e-01
 -3.26750185e-01 -9.77725447e-05 1.41205049e-01
 -3.15667108e-01 4.71139545e-04 1.47834259e-01
 -3.04814344e-01 -2.60082599e-05 1.54431158e-01
 -2.93087143e-01 1.44513780e-04 1.60480542e-01
 -2.82294185e-01 -1.45293410e-05 1.66831371e-01
 -2.71149589e-01 -1.79023058e-04 1.73472096e-01
 -2.60039367e-01 -7.68610128e-05 1.79449553e-01
 -2.48783281e-01 1.54871456e-04 1.86117290e-01
 -2.37691298e-01 -2.56289642e-04 1.92154192e-01
 -2.26611559e-01 1.63031651e-05 1.99000965e-01
 -2.15413701e-01 2.72027658e-04 2.05217378e-01
 -2.04192840e-01 1.90104678e-04 2.11102297e-01
 -1.92889030e-01 2.75823475e-04 2.17000501e-01
 -1.80722220e-01 1.34891942e-04 2.21940850e-01
 -1.69474819e-01 3.98694032e-04 2.27011676e-01
 -1.57387542e-01 1.71921127e-04 2.32199985e-01
 -1.44992438e-01 3.77306664e-05 2.36204327e-01
 -1.33051818e-01 1.37170478e-05 2.40398702e-01
 -1.20640245e-01 4.00527980e-05 2.43903912e-01
 -1.08683621e-01 1.10129600e-04 2.47285477e-01
 -9.54979023e-02 2.71455566e-04 2.49835606e-01
 -8.30513200e-02 4.36140914e-04 2.52423729e-01
 -7.02786534e-02 -2.89979124e-04 2.55135171e-01
 -5.75079007e-02 -4.10869238e-06 2.56675434e-01
 -4.44567530e-02 -9.66329136e-05 2.58289927e-01
 -3.15781032e-02 -1.37384319e-04 2.58862445e-01
 -1.93942848e-02 2.73674583e-04 2.59655430e-01
 -6.63159749e-03 2.78802276e-05 2.60482127e-01
 6.26968063e-03 -1.03502141e-04 2.60231800e-01
 1.93249390e-02 -1.30048419e-04 2.60110125e-01
 3.19287594e-02 2.13839734e-05 2.59074036e-01
 4.47426290e-02 -4.49368851e-04 2.57746951e-01
 5.76746295e-02 1.50495733e-04 2.56875648e-01
 7.03567783e-02 4.48180580e-04 2.54754150e-01
 8.29515372e-02 2.31842619e-07 2.52563634e-01
 9.53663760e-02 1.19016739e-04 2.50020568e-01
 1.08488556e-01 -1.32661527e-05 2.47254816e-01
 1.20541529e-01 -3.52198491e-04 2.43852881e-01
 1.32893294e-01 -2.20346647e-04 2.40371034e-01
 1.45067847e-01 2.54681164e-04 2.36359989e-01
 1.57495960e-01 -7.79869578e-05 2.31605747e-01
 1.69249163e-01 -2.92460402e-04 2.27339072e-01
 1.80980313e-01 7.23667316e-05 2.22095333e-01
 1.92596943e-01 -7.70357650e-05 2.17156915e-01
 2.04109226e-01 1.68166340e-04 2.11190797e-01
 2.15673684e-01 -2.62995064e-04 2.05333917e-01
 2.26940861e-01 2.93566551e-04 1.99131807e-01
 2.37801245e-01 3.05620365e-04 1.92904586e-01
 2.49015060e-01 -1.19189721e-04 1.86512039e-01
 2.59909059e-01 3.79840117e-04 1.79779440e-01
 2.71038817e-01 1.41525966e-05 1.73132773e-01
 2.81811800e-01 -4.33834725e-05 1.66655628e-01
 2.93456007e-01 -4.35500033e-04 1.60532925e-01
 3.04364478e-01 3.81242142e-06 1.54245041e-01
 3.15577746e-01 -3.01214756e-05 1.47610766e-01
 3.26476712e-01 -2.87837662e-04 1.41318561e-01
 3.37773320e-01 2.86701473e-04 1.34995118e-01
 3.48822283e-01 -6.39960929e-05 1.28228533e-01
 3.59961520e-01 7.19327109e-05 1.21715389e-01
 3.71165737e-01 -5.04210571e-04 1.15404420e-01
 3.82373575e-01 5.00524562e-05 1.09224157e-01
 3.93327256e-01 3.59831648e-05 1.02623947e-01
 4.04691059e-01 1.68140048e-04 9.63028786e-02
 4.15472187e-01 3.53167600e-05 8.96892300e-02
 4.26756998e-01 2.06752767e-05 8.36768709e-02
 4.37992999e-01 -1.78585530e-04 7.71914016e-02
 4.49244603e-01 3.90021928e-05 7.04853867e-02
 4.60038529e-01 6.14841525e-05 6.43936914e-02
 4.71503090e-01 3.16138758e-04 5.78300234e-02
 4.82441203e-01 1.99887102e-04 5.12478132e-02
 4.93601853e-01 -4.80687084e-04 4.50610732e-02
 5.04797864e-01 3.23865808e-04 3.88290900e-02
 5.15453989e-01 8.66656770e-05 3.20771280e-02
 5.26745938e-01 1.56606190e-05 2.55923583e-02
 5.37528569e-01 5.88288165e-05 1.92082585e-02
 5.48848100e-01 -4.47367377e-04 1.29954731e-02
 5.59931567e-01 4.37723034e-05 6.38822119e-03
 5.70979908e-01 -3.89806993e-06 1.76521791e-05
 -5.37001848e-01 -1.95494998e-01 2.63374623e-05
 -5.26300884e-01 -1.91712061e-01 6.52493427e-03
 -5.16255750e-01 -1.87649270e-01 1.30966520e-02
 -5.05775717e-01 -1.84033044e-01 1.91909985e-02
 -4.95371973e-01 -1.80351751e-01 2.57287047e-02
 -4.84920126e-01 -1.76163065e-01 3.22840878e-02
 -4.74584240e-01 -1.72583082e-01 3.86929766e-02
 -4.63596134e-01 -1.68813057e-01 4.50827821e-02
 -4.53319751e-01 -1.65053988e-01 5.14252291e-02
 -4.42730549e-01 -1.61351491e-01 5.75586533e-02
 -4.32388258e-01 -1.57483949e-01 6.43973988e-02
 -4.22146142e-01 -1.53840568e-01 7.08108639e-02
 -4.11667493e-01 -1.50029736e-01 7.69243412e-02
 -4.01225051e-01 -1.46082285e-01 8.35495143e-02
 -3.90589680e-01 -1.42162060e-01 8.97672891e-02
 -3.80055236e-01 -1.38155649e-01 9.63526111e-02
 -3.69887033e-01 -1.34413236e-01 1.02593456e-01
 -3.59094726e-01 -1.30597865e-01 1.09312847e-01
 -3.48653103e-01 -1.27058939e-01 1.15466201e-01
 -3.38439545e-01 -1.23223254e-01 1.22094131e-01
 -3.28232701e-01 -1.19171913e-01 1.28390090e-01
 -3.17319931e-01 -1.15654536e-01 1.34657850e-01
 -3.06885147e-01 -1.11778673e-01 1.41370287e-01
 -2.96225711e-01 -1.08048359e-01 1.47932558e-01
 -2.86512701e-01 -1.04148061e-01 1.54432062e-01
 -2.75707151e-01 -1.00343965e-01 1.60556582e-01
 -2.64877510e-01 -9.62474126e-02 1.66610267e-01
 -2.54418054e-01 -9.29869740e-02 1.73118654e-01
 -2.44479918e-01 -8.86257597e-02 1.79895161e-01
 -2.33893040e-01 -8.53013775e-02 1.86127524e-01
 -2.23278055e-01 -8.16969200e-02 1.92129360e-01
 -2.12441402e-01 -7.78488054e-02 1.99395492e-01
 -2.02513997e-01 -7.35179325e-02 2.05579062e-01
 -1.91888785e-01 -6.95274722e-02 2.11390567e-01
 -1.81310504e-01 -6.57962707e-02 2.16861914e-01
 -1.69914717e-01 -6.18134994e-02 2.22066146e-01
 -1.58691539e-01 -5.78259024e-02 2.27521435e-01
 -1.47501853e-01 -5.34755981e-02 2.31921517e-01
 -1.36455781e-01 -4.94848589e-02 2.36212839e-01
 -1.24731495e-01 -4.55268770e-02 2.40297646e-01
 -1.13267999e-01 -4.11583170e-02 2.43932034e-01
 -1.01577611e-01 -3.70071545e-02 2.47152416e-01
 -8.96772211e-02 -3.30718317e-02 2.49884626e-01
 -7.80389129e-02 -2.86503505e-02 2.52851092e-01
 -6.58681139e-02 -2.42826727e-02 2.55129727e-01
 -5.42400417e-02 -1.93634999e-02 2.56353487e-01
 -4.22145235e-02 -1.50228434e-02 2.58319474e-01
 -2.99821889e-02 -1.06706942e-02 2.59033637e-01
 -1.84505554e-02 -6.63474998e-03 2.59952111e-01
 -5.99496286e-03 -2.23147784e-03 2.59976980e-01
 5.81749927e-03 2.09372782e-03 2.60269689e-01
 1.77801230e-02 6.32542310e-03 2.59933699e-01
 2.98193474e-02 1.12440571e-02 2.59105061e-01
 4.25465315e-02 1.54179390e-02 2.58229379e-01
 5.43476705e-02 1.97086778e-02 2.56885949e-01
 6.62459330e-02 2.42625456e-02 2.54815513e-01
 7.76304372e-02 2.84803638e-02 2.52309983e-01
 9.01719712e-02 3.25833724e-02 2.49901275e-01
 1.01340468e-01 3.67819824e-02 2.47050720e-01
 1.13331783e-01 4.12692219e-02 2.43775061e-01
 1.24657379e-01 4.58031375e-02 2.40246344e-01
 1.36276068e-01 4.98752925e-02 2.36321841e-01
 1.47324234e-01 5.38403183e-02 2.32043493e-01
 1.59208287e-01 5.76850599e-02 2.27274091e-01
 1.70006126e-01 6.20047568e-02 2.22011819e-01
 1.80853220e-01 6.56541536e-02 2.17110618e-01
 1.91768758e-01 6.99857814e-02 2.11900693e-01
 2.02616103e-01 7.39060625e-02 2.05019564e-01
 2.13124741e-01 7.77833121e-02 1.98844587e-01
 2.23606597e-01 8.14221678e-02 1.92802719e-01
 2.33810245e-01 8.47606190e-02 1.85996865e-01
 2.44372705e-01 8.88566910e-02 1.79894553e-01
 2.54850636e-01 9.24867174e-02 1.73257469e-01
 2.65453995e-01 9.62782864e-02 1.66615330e-01
 2.75426324e-01 1.00555587e-01 1.60396365e-01
 2.86385230e-01 1.03955650e-01 1.54048927e-01
 2.96503036e-01 1.08410036e-01 1.47762471e-01
 3.06844712e-01 1.11970872e-01 1.41379477e-01
 3.17387107e-01 1.15379325e-01 1.34580325e-01
 3.27667632e-01 1.19364374e-01 1.28500147e-01
 3.38393799e-01 1.23177062e-01 1.22266096e-01
 3.48763615e-01 1.26973961e-01 1.15669934e-01
 3.59306456e-01 1.31118683e-01 1.09163435e-01
 3.69968419e-01 1.34089701e-01 1.02845237e-01
 3.80262562e-01 1.38275037e-01 9.65820156e-02
 3.90909674e-01 1.42413838e-01 8.97010300e-02
 4.01835587e-01 1.46036647e-01 8.35360242e-02
 4.11540512e-01 1.49775654e-01 7.71197007e-02
 4.22281768e-01 1.53513898e-01 7.05282774e-02
 4.32290185e-01 1.57569083e-01 6.44413962e-02
 4.42344514e-01 1.61305519e-01 5.78103708e-02
 4.53496999e-01 1.64920906e-01 5.13554992e-02
 4.63754140e-01 1.68458414e-01 4.50819123e-02
 4.74080031e-01 1.72262714e-01 3.83013619e-02
 4.84768867e-01 1.76272354e-01 3.15478214e-02
 4.95186963e-01 1.80057078e-01 2.57728252e-02
 5.05775401e-01 1.83693151e-01 1.92043741e-02
 5.16199689e-01 1.87897435e-01 1.31152393e-02
 5.26291136e-01 1.91642220e-01 6.25279028e-03
 5.37046139e-01 1.95534579e-01 -7.32419130e-05
 -4.38022666e-01 -3.67177459e-01 9.17988220e-05
 -4.29311925e-01 -3.60105415e-01 6.51102951e-03
 -4.20958958e-01 -3.53254791e-01 1.24686644e-02
 -4.11937383e-01 -3.46087963e-01 1.90857566e-02
 -4.03453526e-01 -3.38540164e-01 2.55497229e-02
 -3.95142388e-01 -3.31120553e-01 3.25946890e-02
 -3.86649214e-01 -3.24136208e-01 3.86030865e-02
 -3.78078224e-01 -3.17201360e-01 4.48767574e-02
 -3.69546184e-01 -3.10315717e-01 5.15653957e-02
 -3.60912050e-01 -3.02827788e-01 5.76933932e-02
 -3.52556479e-01 -2.95687843e-01 6.43332421e-02
 -3.43822588e-01 -2.88381836e-01 7.05965423e-02
 -3.35579159e-01 -2.81634392e-01 7.71102010e-02
 -3.26763515e-01 -2.74449732e-01 8.37438506e-02
 -3.18588021e-01 -2.67181780e-01 8.98622590e-02
 -3.10263809e-01 -2.60301369e-01 9.62232879e-02
 -3.01684327e-01 -2.53014020e-01 1.02563361e-01
 -2.93074100e-01 -2.45932878e-01 1.08869818e-01
 -2.84825119e-01 -2.38561121e-01 1.15428277e-01
 -2.75993808e-01 -2.31284969e-01 1.22300395e-01
 -2.67230806e-01 -2.24177972e-01 1.28609570e-01
 -2.58652581e-01 -2.17140377e-01 1.35053187e-01
 -2.50136294e-01 -2.10227000e-01 1.41437278e-01
 -2.42079090e-01 -2.02949044e-01 1.47679443e-01
 -2.33662697e-01 -1.95726170e-01 1.54399297e-01
 -2.24729507e-01 -1.88204006e-01 1.60627464e-01
 -2.16335609e-01 -1.81479800e-01 1.66813050e-01
 -2.07689458e-01 -1.74043938e-01 1.73232406e-01
 -1.99234581e-01 -1.67296689e-01 1.79638467e-01
 -1.90614072e-01 -1.60225919e-01 1.86316250e-01
 -1.81905554e-01 -1.52809725e-01 1.92545316e-01
 -1.73788050e-01 -1.45733528e-01 1.98950136e-01
 -1.64990698e-01 -1.38476514e-01 2.05186167e-01
 -1.56405490e-01 -1.31114591e-01 2.11323840e-01
 -1.47946302e-01 -1.23796855e-01 2.16935664e-01
 -1.38542674e-01 -1.16341807e-01 2.22273844e-01
 -1.29686544e-01 -1.08799177e-01 2.26982056e-01
 -1.20274787e-01 -1.01089520e-01 2.31851024e-01
 -1.11262019e-01 -9.34215179e-02 2.36446582e-01
 -1.02083559e-01 -8.50896726e-02 2.40444748e-01
 -9.22937062e-02 -7.75124275e-02 2.44020685e-01
 -8.30582369e-02 -6.93649553e-02 2.47343371e-01
 -7.31739361e-02 -6.11512203e-02 2.50065529e-01
 -6.35441729e-02 -5.32242483e-02 2.52848705e-01
 -5.39619321e-02 -4.46806182e-02 2.54617481e-01
 -4.40158585e-02 -3.67410148e-02 2.56356671e-01
 -3.43015354e-02 -2.89153085e-02 2.58140628e-01
 -2.44814967e-02 -2.07842854e-02 2.59058820e-01
 -1.45722276e-02 -1.23621642e-02 2.59457463e-01
 -4.84308388e-03 -3.86747299e-03 2.59994109e-01
 4.81919938e-03 3.96754571e-03 2.60571142e-01
 1.48652389e-02 1.24962734e-02 2.60044660e-01
 2.44357352e-02 2.06749998e-02 2.58836289e-01
 3.42745518e-02 2.88582300e-02 2.58264494e-01
 4.46789485e-02 3.71434530e-02 2.56486119e-01
 5.38422046e-02 4.51003505e-02 2.54775065e-01
 6.35000326e-02 5.37625157e-02 2.52406067e-01
 7.29749753e-02 6.16735945e-02 2.50258007e-01
 8.23950484e-02 6.92933015e-02 2.46917245e-01
 9.21605007e-02 7.74364235e-02 2.43857804e-01
 1.01808440e-01 8.54261477e-02 2.40422386e-01
 1.11123989e-01 9.29819407e-02 2.36599342e-01
 1.20579969e-01 1.00785827e-01 2.31997994e-01
 1.29094617e-01 1.08469268e-01 2.27438813e-01
 1.38533067e-01 1.16506111e-01 2.22523652e-01
 1.47548385e-01 1.24131788e-01 2.17268530e-01
 1.56627679e-01 1.31285299e-01 2.11350260e-01
 1.64687559e-01 1.38473185e-01 2.05317019e-01
 1.73590495e-01 1.45730347e-01 1.98917616e-01
 1.81707794e-01 1.52915004e-01 1.92536126e-01
 1.90520692e-01 1.60096587e-01 1.86315275e-01
 1.99403926e-01 1.67376208e-01 1.79724287e-01
 2.07977217e-01 1.74197716e-01 1.73868553e-01
 2.16275034e-01 1.81431507e-01 1.66807013e-01
 2.24829415e-01 1.88038138e-01 1.60617878e-01
 2.33362401e-01 1.95595375e-01 1.53772084e-01
 2.41491894e-01 2.02599469e-01 1.47639189e-01
 2.49875526e-01 2.09927122e-01 1.41556602e-01
 2.58938385e-01 2.17090890e-01 1.34645331e-01
 2.67286975e-01 2.24150027e-01 1.28445943e-01
 2.75684663e-01 2.31555575e-01 1.21902447e-01
 2.84453834e-01 2.38709117e-01 1.15431250e-01
 2.92669651e-01 2.45999618e-01 1.09326873e-01
 3.01341257e-01 2.52684419e-01 1.02861452e-01
 3.09836065e-01 2.59903665e-01 9.63926493e-02
 3.18204574e-01 2.67305248e-01 8.99059475e-02
 3.26897204e-01 2.74362273e-01 8.35036863e-02
 3.35522149e-01 2.81382367e-01 7.72891158e-02
 3.43855720e-01 2.88593313e-01 7.05594892e-02
 3.52597769e-01 2.95979348e-01 6.40754766e-02
 3.60805956e-01 3.02795069e-01 5.77161968e-02
 3.69545355e-01 3.09961462e-01 5.18618827e-02
 3.78074990e-01 3.16790411e-01 4.50737015e-02
 3.86644301e-01 3.24711893e-01 3.86122243e-02
 3.94772751e-01 3.31582221e-01 3.18871515e-02
 4.03782840e-01 3.38703875e-01 2.53929898e-02
 4.12294538e-01 3.46196162e-01 1.95112319e-02
 4.20577871e-01 3.52950828e-01 1.28216126e-02
 4.29673210e-01 3.60187529e-01 6.33040458e-03
 4.37537873e-01 3.67396206e-01 2.65979479e-04
 -2.85553993e-01 -4.94694365e-01 2.00031260e-04
 -2.80598356e-01 -4.85109918e-01 6.48305393e-03
 -2.74423147e-01 -4.75467228e-01 1.25975388e-02
 -2.68650970e-01 -4.65979187e-01 1.93698319e-02
 -2.63538644e-01 -4.56333841e-01 2.57052293e-02
 -2.58110371e-01 -4.46634113e-01 3.21383782e-02
 -2.52051659e-01 -4.36921143e-01 3.84168191e-02
 -2.46755110e-01 -4.27265500e-01 4.48832798e-02
 -2.41056072e-01 -4.17888449e-01 5.09136633e-02
 -2.35666592e-01 -4.08271290e-01 5.74282914e-02
 -2.30024212e-01 -3.98454994e-01 6.42833019e-02
 -2.24133764e-01 -3.88995379e-01 7.06010213e-02
 -2.18874353e-01 -3.79495870e-01 7.73331760e-02
 -2.13334310e-01 -3.69574975e-01 8.38015778e-02
 -2.07580879e-01 -3.60104439e-01 8.98685775e-02
 -2.02455743e-01 -3.50627415e-01 9.67989929e-02
 -1.97318173e-01 -3.40583115e-01 1.02878658e-01
 -1.91029867e-01 -3.30904336e-01 1.09295219e-01
 -1.85773230e-01 -3.21511377e-01 1.15289224e-01
 -1.80222049e-01 -3.11613728e-01 1.22311499e-01
 -1.74654020e-01 -3.02364812e-01 1.28415729e-01
 -1.68933341e-01 -2.92329289e-01 1.34731070e-01
 -1.63194643e-01 -2.82855179e-01 1.41259767e-01
 -1.57653103e-01 -2.73487626e-01 1.47652986e-01
 -1.52308049e-01 -2.63887683e-01 1.54091499e-01
 -1.46894104e-01 -2.54410819e-01 1.60566126e-01
 -1.41054496e-01 -2.44042447e-01 1.67041809e-01
 -1.35502158e-01 -2.34994647e-01 1.72995567e-01
 -1.29832010e-01 -2.25186969e-01 1.79563201e-01
 -1.24264183e-01 -2.15507616e-01 1.85856679e-01
 -1.19012061e-01 -2.06276096e-01 1.92599138e-01
 -1.13515469e-01 -1.96360438e-01 1.99096508e-01
 -1.07725779e-01 -1.86556465e-01 2.05821853e-01
 -1.01857750e-01 -1.76992422e-01 2.10980945e-01
 -9.63152177e-02 -1.66713633e-01 2.17355353e-01
 -9.02004262e-02 -1.56801644e-01 2.22419684e-01
 -8.44081678e-02 -1.46575973e-01 2.27029678e-01
 -7.83946389e-02 -1.36263540e-01 2.31929807e-01
 -7.23953771e-02 -1.25476623e-01 2.36311203e-01
 -6.62038698e-02 -1.15161381e-01 2.39999997e-01
 -6.01890088e-02 -1.04197229e-01 2.44086032e-01
 -5.41744740e-02 -9.39641275e-02 2.46938811e-01
 -4.77835614e-02 -8.29742866e-02 2.49751087e-01
 -4.11719912e-02 -7.16768607e-02 2.52356448e-01
 -3.50786403e-02 -6.06402300e-02 2.54736958e-01
 -2.89765588e-02 -4.94950524e-02 2.56478122e-01
 -2.25779458e-02 -3.90643819e-02 2.58232367e-01
 -1.58551756e-02 -2.80997272e-02 2.59420575e-01
 -9.61169670e-03 -1.66003320e-02 2.59671243e-01
 -3.61041047e-03 -5.28349636e-03 2.60486275e-01
 3.54210378e-03 5.71747813e-03 2.60193908e-01
 9.58527582e-03 1.65288803e-02 2.59987855e-01
 1.58227329e-02 2.79878773e-02 2.59070502e-01
 2.24639391e-02 3.89717345e-02 2.58045063e-01
 2.86528866e-02 4.98517964e-02 2.56755042e-01
 3.53359169e-02 6.09462095e-02 2.55190816e-01
 4.13305337e-02 7.19633830e-02 2.52635243e-01
 4.73450382e-02 8.27111160e-02 2.50089368e-01
 5.40860847e-02 9.41757927e-02 2.47122905e-01
 6.02729378e-02 1.04506502e-01 2.44042916e-01
 6.64491954e-02 1.15226660e-01 2.40313768e-01
 7.23505954e-02 1.25495266e-01 2.36295092e-01
 7.88182408e-02 1.36162659e-01 2.32080955e-01
 8.44838336e-02 1.46411268e-01 2.27328652e-01
 9.02242219e-02 1.56372075e-01 2.22054461e-01
 9.65753309e-02 1.67156490e-01 2.16910207e-01
 1.02322568e-01 1.77215827e-01 2.11131158e-01
 1.07925393e-01 1.86612135e-01 2.05439063e-01
 1.13299073e-01 1.96435923e-01 1.98950623e-01
 1.18946794e-01 2.05925577e-01 1.92774139e-01
 1.24274594e-01 2.15472086e-01 1.86078476e-01
 1.30259309e-01 2.25265963e-01 1.79564898e-01
 1.35558846e-01 2.34472840e-01 1.73352661e-01
 1.40958025e-01 2.44471850e-01 1.67108376e-01
 1.46734014e-01 2.54162399e-01 1.60551622e-01
 1.51992673e-01 2.63919923e-01 1.54003857e-01
 1.57858439e-01 2.73493702e-01 1.47699925e-01
 1.63592400e-01 2.82451427e-01 1.41526399e-01
 1.68623417e-01 2.92474525e-01 1.34965921e-01
 1.74268004e-01 3.02395604e-01 1.28178888e-01
 1.80311499e-01 3.11469319e-01 1.21395874e-01
 1.85853941e-01 3.21396606e-01 1.15869072e-01
 1.91210233e-01 3.31350528e-01 1.09074103e-01
 1.96908134e-01 3.40607744e-01 1.02674737e-01
 2.02672256e-01 3.50314430e-01 9.65312119e-02
 2.07940879e-01 3.60323727e-01 8.98605324e-02
 2.13205728e-01 3.69886147e-01 8.33186707e-02
 2.18913517e-01 3.79079475e-01 7.67074758e-02
 2.24496684e-01 3.88706165e-01 7.09810468e-02
 2.30369765e-01 3.98642101e-01 6.42405872e-02
 2.35749099e-01 4.08431376e-01 5.76436454e-02
 2.41311404e-01 4.18029607e-01 5.17544425e-02
 2.46998978e-01 4.27613169e-01 4.51491940e-02
 2.52344428e-01 4.37165994e-01 3.86685552e-02
 2.58020568e-01 4.46577070e-01 3.22713392e-02
 2.63623540e-01 4.56091008e-01 2.60176125e-02
 2.68979017e-01 4.66208361e-01 1.96272968e-02
 2.74451243e-01 4.75576612e-01 1.28200714e-02
 2.80029522e-01 4.85014319e-01 6.47409623e-03
 2.85357586e-01 4.95093995e-01 -6.88362673e-05
 -9.86259558e-02 -5.62594415e-01 -1.89744914e-04
 -9.77288788e-02 -5.52006199e-01 6.47032929e-03
 -9.52118761e-02 -5.40873497e-01 1.28993285e-02
 -9.34237721e-02 -5.29808982e-01 1.92759326e-02
 -9.12287931e-02 -5.19377683e-01 2.57587024e-02
 -8.98041677e-02 -5.07719248e-01 3.21634350e-02
 -8.81263328e-02 -4.97047000e-01 3.87394681e-02
 -8.58584996e-02 -4.86035902e-01 4.50227507e-02
 -8.37857821e-02 -4.74952109e-01 5.12002679e-02
 -8.17715152e-02 -4.64203552e-01 5.78485974e-02
 -8.02166990e-02 -4.53076451e-01 6.44833456e-02
 -7.79702784e-02 -4.42218693e-01 7.04700121e-02
 -7.62335351e-02 -4.30915288e-01 7.68355569e-02
 -7.39237980e-02 -4.20363478e-01 8.32946138e-02
 -7.22464261e-02 -4.09468329e-01 9.00704293e-02
 -7.00542181e-02 -3.98216658e-01 9.61636675e-02
 -6.82734963e-02 -3.87644569e-01 1.02894421e-01
 -6.63721280e-02 -3.76787303e-01 1.09229017e-01
 -6.44923014e-02 -3.65609728e-01 1.15395009e-01
 -6.23499595e-02 -3.54397800e-01 1.22251935e-01
 -6.07798241e-02 -3.44024110e-01 1.28419375e-01
 -5.85195758e-02 -3.32916385e-01 1.35230752e-01
 -5.68526958e-02 -3.21724470e-01 1.41410629e-01
 -5.45228253e-02 -3.10883422e-01 1.47647934e-01
 -5.28270140e-02 -2.99974185e-01 1.54142957e-01
 -5.08126989e-02 -2.88995994e-01 1.60395115e-01
 -4.90941245e-02 -2.77668199e-01 1.66845341e-01
 -4.72775271e-02 -2.66861134e-01 1.73701221e-01
 -4.50605240e-02 -2.55984699e-01 1.79776421e-01
 -4.30252804e-02 -2.45071996e-01 1.86045768e-01
 -4.12720252e-02 -2.34337580e-01 1.92970258e-01
 -3.89725263e-02 -2.23409693e-01 1.98549105e-01
 -3.78086987e-02 -2.12496999e-01 2.05476245e-01
 -3.57183992e-02 -2.01224790e-01 2.11416254e-01
 -3.36469525e-02 -1.89484128e-01 2.17180522e-01
 -3.14752912e-02 -1.77750439e-01 2.22153703e-01
 -2.92715302e-02 -1.66409699e-01 2.26874183e-01
 -2.74824585e-02 -1.54942137e-01 2.32126046e-01
 -2.53177954e-02 -1.42457124e-01 2.36136537e-01
 -2.31443138e-02 -1.31140035e-01 2.40306752e-01
 -2.09493216e-02 -1.18782003e-01 2.43970341e-01
 -1.89423811e-02 -1.06452091e-01 2.46947987e-01
 -1.62087718e-02 -9.42220402e-02 2.49733501e-01
 -1.44804382e-02 -8.17591359e-02 2.52454239e-01
 -1.21203258e-02 -6.92715177e-02 2.55076116e-01
 -1.03279203e-02 -5.67682107e-02 2.56513709e-01
 -7.79599915e-03 -4.37127361e-02 2.58078173e-01
 -5.58318218e-03 -3.18558666e-02 2.59379828e-01
 -3.10817691e-03 -1.90732311e-02 2.60187085e-01
 -8.83877468e-04 -6.43724125e-03 2.59969705e-01
 1.23299086e-03 6.31450436e-03 2.59996300e-01
 3.47919647e-03 1.89473187e-02 2.59953754e-01
 5.09683942e-03 3.14257939e-02 2.59122423e-01
 7.47133995e-03 4.39510013e-02 2.58225258e-01
 1.00840654e-02 5.68662547e-02 2.56439597e-01
 1.19919722e-02 6.91396299e-02 2.55008331e-01
 1.42278147e-02 8.16906840e-02 2.52684860e-01
 1.64552665e-02 9.40806615e-02 2.50015153e-01
 1.85719122e-02 1.06540052e-01 2.47249490e-01
 2.11230192e-02 1.18607516e-01 2.43921159e-01
 2.29575783e-02 1.30815101e-01 2.40396102e-01
 2.54396934e-02 1.42997511e-01 2.36401619e-01
 2.73585661e-02 1.54519800e-01 2.31729384e-01
 2.92426547e-02 1.66375595e-01 2.27266431e-01
 3.11726874e-02 1.78292186e-01 2.22106921e-01
 3.34788142e-02 1.90110494e-01 2.16979835e-01
 3.55704759e-02 2.00948343e-01 2.11464415e-01
 3.74436034e-02 2.12178579e-01 2.05581469e-01
 3.93859908e-02 2.23109407e-01 1.99065402e-01
 4.15708695e-02 2.34359447e-01 1.92478092e-01
 4.27617682e-02 2.44955066e-01 1.86174208e-01
 4.52017172e-02 2.56088418e-01 1.79179319e-01
 4.70234108e-02 2.67157848e-01 1.73709472e-01
 4.88213369e-02 2.77965948e-01 1.67077267e-01
 5.11787308e-02 2.89141887e-01 1.60739972e-01
 5.26871070e-02 2.99914505e-01 1.53736085e-01
 5.50398458e-02 3.10698417e-01 1.47976134e-01
 5.64600063e-02 3.21779378e-01 1.41511784e-01
 5.87953523e-02 3.32322769e-01 1.34578711e-01
 6.07704486e-02 3.43975884e-01 1.28221621e-01
 6.24973383e-02 3.54922781e-01 1.22059292e-01
 6.46127154e-02 3.65928372e-01 1.15737742e-01
 6.63241628e-02 3.76978933e-01 1.09155012e-01
 6.79619582e-02 3.87546279e-01 1.02781988e-01
 7.05403469e-02 3.98278681e-01 9.62150282e-02
 7.23801300e-02 4.09422812e-01 9.00473029e-02
 7.40349815e-02 4.20385438e-01 8.33048826e-02
 7.61008757e-02 4.31370163e-01 7.74387608e-02
 7.83700172e-02 4.41801391e-01 7.06957980e-02
 7.99149237e-02 4.53004373e-01 6.42812983e-02
 8.20705975e-02 4.64058571e-01 5.76257522e-02
 8.36479846e-02 4.74554072e-01 5.13223697e-02
 8.55730126e-02 4.86386191e-01 4.49573162e-02
 8.77952654e-02 4.96881188e-01 3.87339359e-02
 8.99625231e-02 5.07928850e-01 3.21608405e-02
 9.12730513e-02 5.18874722e-01 2.54015634e-02
 9.35326678e-02 5.29894938e-01 1.91720364e-02
 9.54234044e-02 5.40864541e-01 1.29291199e-02
 9.72651977e-02 5.51882479e-01 6.16214539e-03
 9.88155561e-02 5.62656218e-01 -2.52457454e-04
 9.92219057e-02 -5.62640837e-01 -2.49602327e-04
 9.73252349e-02 -5.52270207e-01 6.39210829e-03
 9.54450114e-02 -5.40590253e-01 1.30222720e-02
 9.35457454e-02 -5.29828628e-01 1.92665949e-02
 9.15974784e-02 -5.18941772e-01 2.57941882e-02
 8.96096929e-02 -5.08145375e-01 3.25695397e-02
 8.79463099e-02 -4.96758201e-01 3.86063427e-02
 8.57782885e-02 -4.85899272e-01 4.46554190e-02
 8.35622917e-02 -4.74947304e-01 5.08091155e-02
 8.20143564e-02 -4.63844738e-01 5.78342097e-02
 7.98438715e-02 -4.53383799e-01 6.40486847e-02
 7.82207490e-02 -4.42252713e-01 7.08450212e-02
 7.61193558e-02 -4.31354333e-01 7.69214912e-02
 7.38740696e-02 -4.19886165e-01 8.31888536e-02
 7.20934256e-02 -4.09581813e-01 9.00807465e-02
 7.00877473e-02 -3.98177368e-01 9.65792086e-02
 6.86340161e-02 -3.87478585e-01 1.02366363e-01
 6.65245272e-02 -3.76704516e-01 1.09137390e-01
 6.46762777e-02 -3.65578503e-01 1.15601513e-01
 6.25625649e-02 -3.54701572e-01 1.21684226e-01
 6.05384999e-02 -3.43614382e-01 1.28311507e-01
 5.85861055e-02 -3.32478975e-01 1.34934736e-01
 5.67157579e-02 -3.21773838e-01 1.41175946e-01
 5.50504931e-02 -3.10990293e-01 1.47461413e-01
 5.29963494e-02 -2.99857757e-01 1.53850050e-01
 5.10006422e-02 -2.89059551e-01 1.61077969e-01
 4.90494753e-02 -2.77924397e-01 1.67127013e-01
 4.70047038e-02 -2.66900007e-01 1.73061141e-01
 4.53251285e-02 -2.56219446e-01 1.79936877e-01
 4.32842278e-02 -2.44692108e-01 1.86025913e-01
 4.12409782e-02 -2.34221585e-01 1.92629545e-01
 3.92565657e-02 -2.23264870e-01 1.98856292e-01
 3.74164691e-02 -2.12509951e-01 2.05533513e-01
 3.52997337e-02 -2.01055804e-01 2.11153240e-01
 3.36244859e-02 -1.89521723e-01 2.17080427e-01
 3.12916570e-02 -1.78129893e-01 2.22614673e-01
 2.92610583e-02 -1.66752757e-01 2.27324544e-01
 2.73779627e-02 -1.54748292e-01 2.32185658e-01
 2.48814460e-02 -1.42686972e-01 2.36176285e-01
 2.29849571e-02 -1.30740440e-01 2.40190274e-01
 2.07917752e-02 -1.18873436e-01 2.44075394e-01
 1.87687743e-02 -1.06463341e-01 2.47548140e-01
 1.65474788e-02 -9.40453056e-02 2.50096193e-01
 1.40966943e-02 -8.17531816e-02 2.52427813e-01
 1.19598639e-02 -6.91164729e-02 2.54983510e-01
 9.90315793e-03 -5.71379855e-02 2.56704004e-01
 7.73725051e-03 -4.43191192e-02 2.57939021e-01
 5.89613545e-03 -3.13618276e-02 2.59130603e-01
 3.29823487e-03 -1.87417712e-02 2.60151809e-01
 9.55678610e-04 -6.37586185e-03 2.59976720e-01
 -1.30768810e-03 6.11820353e-03 2.60002415e-01
 -3.21847178e-03 1.89047296e-02 2.59574644e-01
 -5.80145270e-03 3.17255522e-02 2.59068724e-01
 -7.85000464e-03 4.43170877e-02 2.57780707e-01
 -9.87110005e-03 5.67823579e-02 2.56419584e-01
 -1.18687840e-02 6.94424337e-02 2.54760395e-01
 -1.43978013e-02 8.18133077e-02 2.52620730e-01
 -1.67113486e-02 9.43321672e-02 2.49851014e-01
 -1.88572238e-02 1.06432131e-01 2.47103839e-01
 -2.05539668e-02 1.18607168e-01 2.44065950e-01
 -2.32349202e-02 1.30825902e-01 2.40290925e-01
 -2.50802723e-02 1.42440018e-01 2.36353796e-01
 -2.72670255e-02 1.54753167e-01 2.31558220e-01
 -2.92656813e-02 1.66559749e-01 2.27116274e-01
 -3.16510273e-02 1.78327267e-01 2.22232153e-01
 -3.34403807e-02 1.89669026e-01 2.16840408e-01
 -3.52098715e-02 2.00925749e-01 2.11282515e-01
 -3.75245464e-02 2.12088065e-01 2.04853280e-01
 -3.93637084e-02 2.23053071e-01 1.99130837e-01
 -4.10690740e-02 2.34324114e-01 1.92485581e-01
 -4.32976448e-02 2.45095213e-01 1.85860753e-01
 -4.52826445e-02 2.56155834e-01 1.79790342e-01
 -4.70586751e-02 2.66932257e-01 1.73450340e-01
 -4.87757482e-02 2.78161438e-01 1.67165297e-01
 -5.11729923e-02 2.88974899e-01 1.60740566e-01
 -5.25243160e-02 3.00023113e-01 1.53884417e-01
 -5.45096119e-02 3.10965905e-01 1.47717061e-01
 -5.68814584e-02 3.21541779e-01 1.41510732e-01
 -5.87272657e-02 3.32919974e-01 1.34851270e-01
 -6.05333311e-02 3.43588884e-01 1.28216428e-01
 -6.25517583e-02 3.54676058e-01 1.21953223e-01
 -6.45139425e-02 3.65885144e-01 1.15149637e-01
 -6.63482835e-02 3.76456766e-01 1.08703360e-01
 -6.83516048e-02 3.87508351e-01 1.02989195e-01
 -7.01405549e-02 3.98425339e-01 9.63738278e-02
 -7.20665577e-02 4.08938368e-01 8.96637212e-02
 -7.43441481e-02 4.20198512e-01 8.33850873e-02
 -7.61649425e-02 4.31011594e-01 7.70179261e-02
 -7.76778292e-02 4.42096462e-01 7.04369017e-02
 -7.98802598e-02 4.53172149e-01 6.42972671e-02
 -8.13946092e-02 4.64029777e-01 5.79230586e-02
 -8.37337333e-02 4.75146044e-01 5.11769456e-02
 -8.58406317e-02 4.86125402e-01 4.48530746e-02
 -8.76487331e-02 4.97094495e-01 3.83829240e-02
 -8.97253441e-02 5.07875943e-01 3.20590172e-02
 -9.17177241e-02 5.18968793e-01 2.58959245e-02
 -9.34557181e-02 5.29903696e-01 1.93387486e-02
 -9.53334125e-02 5.40709429e-01 1.26889397e-02
 -9.73688828e-02 5.51678507e-01 6.19490243e-03
 -9.88242157e-02 5.62889385e-01 -1.20869335e-05
 2.85943236e-01 -4.95036703e-01 -1.86046981e-04
 2.80187415e-01 -4.84940638e-01 6.26493974e-03
 2.74806484e-01 -4.75745500e-01 1.31280654e-02
 2.69197509e-01 -4.65576940e-01 1.94162002e-02
 2.63497664e-01 -4.56370978e-01 2.60497737e-02
 2.57984562e-01 -4.46882115e-01 3.16538687e-02
 2.52468073e-01 -4.37184071e-01 3.87893344e-02
 2.46931401e-01 -4.27393184e-01 4.49084674e-02
 2.41175923e-01 -4.17715729e-01 5.12072362e-02
 2.35868545e-01 -4.08269415e-01 5.75378744e-02
 2.30619986e-01 -3.98911411e-01 6.40880602e-02
 2.24085853e-01 -3.89371728e-01 7.05455974e-02
 2.18816444e-01 -3.79199061e-01 7.68638043e-02
 2.13637359e-01 -3.69588343e-01 8.33926588e-02
 2.07894310e-01 -3.60253647e-01 8.98209098e-02
 2.02083437e-01 -3.50217296e-01 9.63289784e-02
 1.96724810e-01 -3.40566295e-01 1.02692338e-01
 1.91026547e-01 -3.31277198e-01 1.09176680e-01
 1.85456999e-01 -3.21499045e-01 1.15826747e-01
 1.80294997e-01 -3.11930743e-01 1.22121652e-01
 1.74447634e-01 -3.02138917e-01 1.28477086e-01
 1.68714008e-01 -2.92280553e-01 1.34644318e-01
 1.63718405e-01 -2.83085192e-01 1.41402927e-01
 1.57988250e-01 -2.73554636e-01 1.47826056e-01
 1.52535753e-01 -2.64263568e-01 1.54125807e-01
 1.46903037e-01 -2.54193409e-01 1.60644029e-01
 1.41293959e-01 -2.44331517e-01 1.67152390e-01
 1.35507233e-01 -2.34796853e-01 1.73200238e-01
 1.29747001e-01 -2.25217256e-01 1.80181354e-01
 1.24622441e-01 -2.15890668e-01 1.86300107e-01
 1.18873884e-01 -2.05801337e-01 1.92267388e-01
 1.13340372e-01 -1.96285955e-01 1.98856730e-01
 1.07618907e-01 -1.86136286e-01 2.05440570e-01
 1.02440017e-01 -1.76376550e-01 2.11319916e-01
 9.59488684e-02 -1.66627566e-01 2.17160225e-01
 9.05910795e-02 -1.56711063e-01 2.22247950e-01
 8.44710035e-02 -1.46231027e-01 2.26981401e-01
 7.85259244e-02 -1.36189285e-01 2.31854850e-01
 7.25533212e-02 -1.25635706e-01 2.35994289e-01
 6.65549537e-02 -1.15013644e-01 2.40272618e-01
 6.01504377e-02 -1.04401261e-01 2.43904722e-01
 5.40133104e-02 -9.37983362e-02 2.47058354e-01
 4.76662110e-02 -8.27553537e-02 2.50045726e-01
 4.15701309e-02 -7.19356902e-02 2.52719003e-01
 3.51324745e-02 -6.10859585e-02 2.54630459e-01
 2.91232031e-02 -4.99113401e-02 2.56387968e-01
 2.24484076e-02 -3.90407727e-02 2.58188226e-01
 1.59392110e-02 -2.77534243e-02 2.59525143e-01
 9.69128809e-03 -1.67161143e-02 2.59998978e-01
 2.98207554e-03 -5.33316744e-03 2.60199598e-01
 -3.48944163e-03 5.32783843e-03 2.59948625e-01
 -9.76238149e-03 1.67101657e-02 2.59790043e-01
 -1.57846017e-02 2.79719044e-02 2.59171406e-01
 -2.20595931e-02 3.91458937e-02 2.58031973e-01
 -2.90073202e-02 4.99305917e-02 2.56572035e-01
 -3.52707698e-02 6.07180786e-02 2.54763050e-01
 -4.16507928e-02 7.17254985e-02 2.52426460e-01
 -4.77616611e-02 8.25868291e-02 2.49814901e-01
 -5.38583586e-02 9.40462382e-02 2.47153163e-01
 -6.00579811e-02 1.04004980e-01 2.43848853e-01
 -6.63367498e-02 1.15271302e-01 2.40139757e-01
 -7.25622649e-02 1.25761499e-01 2.36215687e-01
 -7.86061272e-02 1.36023638e-01 2.32112597e-01
 -8.43744642e-02 1.46456541e-01 2.27166197e-01
 -9.06794115e-02 1.56572178e-01 2.22664478e-01
 -9.66035371e-02 1.66765904e-01 2.16836752e-01
 -1.02287127e-01 1.76726558e-01 2.11301679e-01
 -1.07663858e-01 1.86792851e-01 2.04977241e-01
 -1.13296424e-01 1.96847708e-01 1.99075815e-01
 -1.18925292e-01 2.05914726e-01 1.92138021e-01
 -1.24741303e-01 2.15735396e-01 1.86466752e-01
 -1.29952904e-01 2.25248094e-01 1.79725185e-01
 -1.36021657e-01 2.34913673e-01 1.73687148e-01
 -1.41596164e-01 2.44451094e-01 1.67194468e-01
 -1.46708599e-01 2.53968664e-01 1.60541124e-01
 -1.52458478e-01 2.63580309e-01 1.54145507e-01
 -1.57598928e-01 2.73217210e-01 1.47267006e-01
 -1.63237892e-01 2.82896394e-01 1.41431703e-01
 -1.69155331e-01 2.92789320e-01 1.34665008e-01
 -1.74541256e-01 3.02508299e-01 1.28118411e-01
 -1.80304695e-01 3.11537036e-01 1.21839014e-01
 -1.85639294e-01 3.21283899e-01 1.15256263e-01
 -1.90864425e-01 3.31167428e-01 1.08891482e-01
 -1.96844389e-01 3.41064407e-01 1.02777293e-01
 -2.02122382e-01 3.50217602e-01 9.62517875e-02
 -2.08202822e-01 3.60306815e-01 8.99097868e-02
 -2.13276794e-01 3.69445481e-01 8.35937238e-02
 -2.18963569e-01 3.79366314e-01 7.70264956e-02
 -2.24327859e-01 3.89350774e-01 7.04821706e-02
 -2.29904263e-01 3.98887727e-01 6.41970784e-02
 -2.35710917e-01 4.08012357e-01 5.75538916e-02
 -2.41047818e-01 4.17733099e-01 5.15226790e-02
 -2.46782976e-01 4.27583043e-01 4.50571028e-02
 -2.52208004e-01 4.36914713e-01 3.85569312e-02
 -2.57792884e-01 4.46484131e-01 3.21767167e-02
 -2.63548044e-01 4.56292949e-01 2.55223192e-02
 -2.68916171e-01 4.66032916e-01 1.89188128e-02
 -2.74753385e-01 4.75555279e-01 1.25765953e-02
 -2.80011017e-01 4.85369687e-01 6.30764604e-03
 -2.85764649e-01 4.95352931e-01 6.70883823e-05
 4.37900857e-01 -3.67329415e-01 2.10808089e-04
 4.29324283e-01 -3.60055385e-01 6.62705343e-03
 4.20561829e-01 -3.52619384e-01 1.29155661e-02
 4.12088550e-01 -3.45772100e-01 1.94622694e-02
 4.03457161e-01 -3.38653200e-01 2.55018845e-02
 3.95224055e-01 -3.31645084e-01 3.22828205e-02
 3.86510520e-01 -3.24795455e-01 3.83137851e-02
 3.78075793e-01 -3.17064273e-01 4.51531382e-02
 3.69728736e-01 -3.10075649e-01 5.13380954e-02
 3.61130234e-01 -3.02725030e-01 5.79440250e-02
 3.52601995e-01 -2.95821813e-01 6.39397876e-02
 3.43549742e-01 -2.88601981e-01 7.06919632e-02
 3.35612959e-01 -2.81374567e-01 7.72012147e-02
 3.26926938e-01 -2.74229658e-01 8.34432432e-02
 3.18351927e-01 -2.67213324e-01 8.98055131e-02
 3.09788527e-01 -2.59991409e-01 9.66241659e-02
 3.01339767e-01 -2.52954888e-01 1.02754439e-01
 2.93238472e-01 -2.45704368e-01 1.09266197e-01
 2.84066752e-01 -2.38150644e-01 1.15577344e-01
 2.75777883e-01 -2.31276422e-01 1.22190597e-01
 2.67295744e-01 -2.24370935e-01 1.28588543e-01
 2.58950119e-01 -2.17327803e-01 1.34878078e-01
 2.50095799e-01 -2.09901588e-01 1.41074267e-01
 2.41737049e-01 -2.03000357e-01 1.47754328e-01
 2.33532778e-01 -1.95748407e-01 1.54099579e-01
 2.25014627e-01 -1.88590566e-01 1.60736517e-01
 2.16318251e-01 -1.81401645e-01 1.66805207e-01
 2.07695430e-01 -1.74155248e-01 1.73618041e-01
 1.98924990e-01 -1.67431250e-01 1.79741608e-01
 1.90652448e-01 -1.59930232e-01 1.86411435e-01
 1.82335124e-01 -1.52665924e-01 1.92711453e-01
 1.73327803e-01 -1.45567202e-01 1.99028733e-01
 1.64977213e-01 -1.38475391e-01 2.05617702e-01
 1.56184658e-01 -1.31311984e-01 2.11217117e-01
 1.47437342e-01 -1.23655864e-01 2.16846422e-01
 1.38657830e-01 -1.16366941e-01 2.22378378e-01
 1.29560051e-01 -1.08403978e-01 2.27418641e-01
 1.20492993e-01 -1.00779000e-01 2.31767726e-01
 1.11167440e-01 -9.30687670e-02 2.36311074e-01
 1.01721399e-01 -8.56030661e-02 2.40191241e-01
 9.25591144e-02 -7.77458575e-02 2.43570393e-01
 8.31234143e-02 -6.92618157e-02 2.47225554e-01
 7.32588737e-02 -6.16091823e-02 2.49769947e-01
 6.36324944e-02 -5.35076079e-02 2.52330905e-01
 5.42680097e-02 -4.54132635e-02 2.54798804e-01
 4.42278560e-02 -3.69729259e-02 2.56522944e-01
 3.42111954e-02 -2.90163433e-02 2.57870331e-01
 2.47427546e-02 -2.06538546e-02 2.59410529e-01
 1.50149500e-02 -1.22943740e-02 2.59634981e-01
 4.86126870e-03 -4.15887808e-03 2.60323290e-01
 -4.59568461e-03 4.11466342e-03 2.60074161e-01
 -1.45749496e-02 1.22578748e-02 2.59908373e-01
 -2.44226661e-02 2.04264510e-02 2.59297186e-01
 -3.41873386e-02 2.86115508e-02 2.58047023e-01
 -4.41595246e-02 3.70924617e-02 2.56955042e-01
 -5.39975119e-02 4.49931558e-02 2.54653190e-01
 -6.32230081e-02 5.35649316e-02 2.52334206e-01
 -7.29383926e-02 6.11757400e-02 2.49990858e-01
 -8.26997727e-02 6.95022347e-02 2.47396685e-01
 -9.25711155e-02 7.77634249e-02 2.43980098e-01
 -1.02007926e-01 8.52950563e-02 2.40031050e-01
 -1.10811431e-01 9.37518971e-02 2.36064397e-01
 -1.20811914e-01 1.01140204e-01 2.32216191e-01
 -1.29587985e-01 1.08494668e-01 2.27283651e-01
 -1.38797093e-01 1.16277163e-01 2.22597635e-01
 -1.47127722e-01 1.23999811e-01 2.17235613e-01
 -1.56619829e-01 1.31393205e-01 2.11794085e-01
 -1.64866014e-01 1.38858603e-01 2.04937025e-01
 -1.73654548e-01 1.45358818e-01 1.99025802e-01
 -1.82141637e-01 1.53026208e-01 1.92745524e-01
 -1.90740150e-01 1.59943878e-01 1.85996895e-01
 -1.99068784e-01 1.67375078e-01 1.79941543e-01
 -2.07755680e-01 1.74380711e-01 1.73519327e-01
 -2.16521989e-01 1.81280927e-01 1.66795791e-01
 -2.24630287e-01 1.88823788e-01 1.60363216e-01
 -2.33560536e-01 1.95564871e-01 1.54281799e-01
 -2.41611224e-01 2.03341978e-01 1.47962710e-01
 -2.49982491e-01 2.10012736e-01 1.41428117e-01
 -2.58892600e-01 2.16668205e-01 1.34654542e-01
 -2.67474633e-01 2.24374696e-01 1.28539614e-01
 -2.76008972e-01 2.31381641e-01 1.21666034e-01
 -2.84352577e-01 2.38757461e-01 1.15756474e-01
 -2.93088956e-01 2.45508496e-01 1.09209633e-01
 -3.01558457e-01 2.52656348e-01 1.02783675e-01
 -3.09927096e-01 2.60034347e-01 9.62083106e-02
 -3.18283157e-01 2.67533248e-01 8.95447659e-02
 -3.27122095e-01 2.74797221e-01 8.39213581e-02
 -3.35350642e-01 2.81652433e-01 7.72076980e-02
 -3.43780770e-01 2.88518237e-01 7.06600114e-02
 -3.52547232e-01 2.95652294e-01 6.39310193e-02
 -3.60823015e-01 3.02970512e-01 5.73849293e-02
 -3.69521550e-01 3.09955429e-01 5.12158628e-02
 -3.78018246e-01 3.17224195e-01 4.52117801e-02
 -3.86909869e-01 3.24389994e-01 3.82957731e-02
 -3.95478283e-01 3.31508914e-01 3.19763287e-02
 -4.03676036e-01 3.38635145e-01 2.56185315e-02
 -4.12203019e-01 3.46060675e-01 1.93812086e-02
 -4.20584273e-01 3.52525500e-01 1.24079678e-02
 -4.29401030e-01 3.60385112e-01 6.12643489e-03
 -4.37589854e-01 3.67310840e-01 -1.47325747e-04
 5.36766287e-01 -1.95371483e-01 2.09262768e-04
 5.26581668e-01 -1.91758187e-01 6.58280808e-03
 5.16012492e-01 -1.87503846e-01 1.27596052e-02
 5.05608039e-01 -1.84165990e-01 1.92892739e-02
 4.95052504e-01 -1.80335960e-01 2.59626800e-02
 4.85118470e-01 -1.76536154e-01 3.17205106e-02
 4.74241538e-01 -1.72470024e-01 3.86267867e-02
 4.63846280e-01 -1.68892176e-01 4.48218247e-02
 4.53189071e-01 -1.65002326e-01 5.11360395e-02
 4.43255963e-01 -1.61300286e-01 5.76371933e-02
 4.32291983e-01 -1.57129695e-01 6.42080054e-02
 4.22130143e-01 -1.53570672e-01 7.09150310e-02
 4.11384056e-01 -1.49758672e-01 7.67420751e-02
 4.01396817e-01 -1.46158745e-01 8.31868069e-02
 3.90930194e-01 -1.42451922e-01 8.97837222e-02
 3.80170438e-01 -1.38709116e-01 9.66737351e-02
 3.69568970e-01 -1.34723517e-01 1.02599428e-01
 3.58990020e-01 -1.30576738e-01 1.09217931e-01
 3.49032187e-01 -1.26987327e-01 1.15742392e-01
 3.38550532e-01 -1.22864200e-01 1.22003515e-01
 3.27929127e-01 -1.19421193e-01 1.28538482e-01
 3.17555622e-01 -1.15444531e-01 1.34486400e-01
 3.07180191e-01 -1.11769368e-01 1.41201780e-01
 2.96251942e-01 -1.07935329e-01 1.47584273e-01
 2.85982160e-01 -1.04132137e-01 1.53809504e-01
 2.75769902e-01 -1.00257154e-01 1.60541773e-01
 2.65088964e-01 -9.65714701e-02 1.67264210e-01
 2.54570384e-01 -9.25358664e-02 1.73254383e-01
 2.44567299e-01 -8.89576671e-02 1.79825659e-01
 2.34190651e-01 -8.49263381e-02 1.86414510e-01
 2.23481017e-01 -8.15219768e-02 1.92625927e-01
 2.12934546e-01 -7.74082614e-02 1.98955659e-01
 2.02666135e-01 -7.36811602e-02 2.05224673e-01
 1.91516466e-01 -6.98640796e-02 2.11361427e-01
 1.81092804e-01 -6.60480029e-02 2.17223570e-01
 1.69601479e-01 -6.18491057e-02 2.22456631e-01
 1.59000717e-01 -5.81486622e-02 2.27096131e-01
 1.47556532e-01 -5.35699650e-02 2.31548102e-01
 1.36136038e-01 -4.94253806e-02 2.36382774e-01
 1.24871719e-01 -4.55464531e-02 2.40067955e-01
 1.12992218e-01 -4.13557921e-02 2.43803802e-01
 1.01741833e-01 -3.72148015e-02 2.47129787e-01
 8.99071120e-02 -3.26226025e-02 2.50143802e-01
 7.77865055e-02 -2.86275442e-02 2.52234504e-01
 6.62357422e-02 -2.41719209e-02 2.54825751e-01
 5.40961734e-02 -1.95010589e-02 2.56489994e-01
 4.23828059e-02 -1.55295113e-02 2.58137421e-01
 3.04379138e-02 -1.07293877e-02 2.58842487e-01
 1.79772980e-02 -6.62601525e-03 2.59816948e-01
 6.15241607e-03 -2.17908315e-03 2.60227227e-01
 -6.01466616e-03 1.93859894e-03 2.60163359e-01
 -1.78591636e-02 6.54482046e-03 2.59955187e-01
 -3.02725517e-02 1.13710963e-02 2.59350314e-01
 -4.22501178e-02 1.55021069e-02 2.57911318e-01
 -5.42769062e-02 1.93749808e-02 2.56665735e-01
 -6.56652975e-02 2.36352565e-02 2.55082099e-01
 -7.83731345e-02 2.85450824e-02 2.52639259e-01
 -8.94132117e-02 3.26958046e-02 2.49954062e-01
 -1.01758492e-01 3.71332738e-02 2.46788599e-01
 -1.13316780e-01 4.11954290e-02 2.43740433e-01
 -1.24610931e-01 4.51959902e-02 2.40068162e-01
 -1.36200900e-01 4.94826220e-02 2.36495304e-01
 -1.47717157e-01 5.36060535e-02 2.32172648e-01
 -1.58473303e-01 5.70416763e-02 2.27148229e-01
 -1.69646196e-01 6.19525274e-02 2.22394311e-01
 -1.80694810e-01 6.58241579e-02 2.16685638e-01
 -1.91847756e-01 6.97069272e-02 2.11420883e-01
 -2.02738406e-01 7.32107258e-02 2.05670555e-01
 -2.12933619e-01 7.75663892e-02 1.99040470e-01
 -2.23311916e-01 8.13324944e-02 1.92257537e-01
 -2.34034746e-01 8.52765700e-02 1.86257349e-01
 -2.44329543e-01 8.90177166e-02 1.79799136e-01
 -2.54900722e-01 9.24523612e-02 1.73039005e-01
 -2.65388349e-01 9.65971989e-02 1.67036273e-01
 -2.75536097e-01 1.00230767e-01 1.60734365e-01
 -2.86110771e-01 1.03973629e-01 1.53881305e-01
 -2.96806099e-01 1.07578897e-01 1.47943090e-01
 -3.07171361e-01 1.11467212e-01 1.41162396e-01
 -3.17800613e-01 1.15771541e-01 1.34629491e-01
 -3.27994082e-01 1.19033793e-01 1.28424238e-01
 -3.38255149e-01 1.23224683e-01 1.21832417e-01
 -3.49363494e-01 1.26978051e-01 1.15815791e-01
 -3.59197678e-01 1.30861354e-01 1.09223712e-01
 -3.69751779e-01 1.34545761e-01 1.02349498e-01
 -3.80125440e-01 1.38305702e-01 9.62766103e-02
 -3.90798310e-01 1.42234899e-01 8.97784563e-02
 -4.01282169e-01 1.45857773e-01 8.34437965e-02
 -4.11508497e-01 1.49602410e-01 7.72174736e-02
 -4.22015399e-01 1.53880702e-01 7.04352377e-02
 -4.32274100e-01 1.57314345e-01 6.41745084e-02
 -4.42708583e-01 1.61357645e-01 5.73919132e-02
 -4.53555629e-01 1.65021777e-01 5.14191817e-02
 -4.63790289e-01 1.69096499e-01 4.46407302e-02
 -4.74470529e-01 1.72769307e-01 3.89569372e-02
 -4.84720733e-01 1.76502373e-01 3.20867601e-02
 -4.95201745e-01 1.80024540e-01 2.57611440e-02
 -5.05716191e-01 1.83888325e-01 1.92501447e-02
 -5.16405976e-01 1.87776593e-01 1.30772758e-02
 -5.26515474e-01 1.91391462e-01 6.35900676e-03
 -5.37118950e-01 1.95458108e-01 -2.39592143e-04
